3 0.210833
4 0.4505
5 0.749204
6 1.09571
7 1.43712
8 1.55774
9 2.09269
10 2.24742
11 2.34506
12 2.87043
13 3.03191
14 3.93574
15 4.03906
16 4.23923
17 4.79022
18 5.78231
19 5.63443
20 5.95317
21 6.35695
22 6.77069
23 6.63219
24 7.74657
25 7.39459
26 8.06589
27 8.79956
28 9.73956
29 10.0103
30 11.2465
31 10.1251
32 10.3847
33 11.2454
34 9.23676
35 9.18721
36 10.7487
37 16.5382
38 13.8319
39 14.475
40 15.3102
41 21.8287
42 20.2573
43 13.5719
44 12.4219
45 11.2951
46 16.1225
47 17.1451
48 16.5575
49 15.8672
50 17.5075
51 16.7389
52 27.9723
53 21.8286
54 22.0021
55 26.2332
56 19.6273
57 19.1871
58 26.4861
59 27.6775
60 30.7777
61 29.4442
62 27.1426
63 18.8298
64 31.8603
65 29.7128
66 29.5013
67 37.8723
68 26.1806
69 25.3981
70 26.3393
71 30.5172
72 31.5601
73 37.4473
74 34.6298
75 29.9683
76 33.5716
77 39.7872
78 34.2382
79 30.3222
80 37.6699
81 39.7671
82 39.926
83 40.6079
84 30.1795
85 40.0331
86 35.9815
87 47.0355
88 37.6771
89 34.0091
90 31.9297
91 49.3668
92 60.3693
93 42.2885
94 41.9714
95 48.1206
96 52.8194
97 54.0664
98 42.098
99 47.1876
